%YAML:1.0
---
project_matrix: !!opencv-matrix
   rows: 3
   cols: 3
   dt: d
   data: [ -7.6760130264974313e-01, -5.1174435622806822e+00,
       1.4450065684591054e+03, 4.4858971240898599e-03,
       -4.4182900518764292e+00, 1.1386260402950982e+03,
       2.2429485620449562e-05, -7.2866231253900663e-03, 1. ]
