%YAML:1.0
---
project_matrix: !!opencv-matrix
   rows: 3
   cols: 3
   dt: d
   data: [ 9.8253368098669891e-01, 6.5154900357919301e+00,
       -6.3789519102109932e+02, -2.7696859845633420e-01,
       5.8220881802337594e+00, -6.7157221124027069e+02,
       -5.5885971291230914e-04, 8.7774388586051161e-03, 1. ]
