%YAML:1.0
---
project_matrix: !!opencv-matrix
   rows: 3
   cols: 3
   dt: d
   data: [ 3.2819160303425381e+00, 1.3285672773983375e+01,
       -2.6673735853336652e+03, -7.7984972108372061e-02,
       1.3556002207202631e+01, -2.1299454354838681e+03,
       -1.9616553361887220e-04, 2.0725366821644661e-02, 1. ]
