%YAML:1.0
---
project_matrix: !!opencv-matrix
   rows: 3
   cols: 3
   dt: d
   data: [ 1.3778773614871478e+00, 3.6646456455850571e+00,
       -5.9728488081835781e+02, 5.8854304035224397e-04,
       3.2860070273112183e+00, -5.5532506272483306e+02,
       3.3861490283282140e-05, 5.1859072652430142e-03, 1. ]
